image_width: 640
image_height: 480
camera_name: "usb_cam"
camera_matrix:
  rows: 3
  cols: 3
  data: [2388.3931385246283, 0.0, 326.81520390440926, 0.0, 2394.036888998759, 255.06390137090307, 0.0, 0.0, 1.0]
distortion_model: plumb_bob
distortion_coefficients:
  rows: 1
  cols: 5
  data: [2.6399259553537373, -104.52768242242448, -0.0027394769916184976, -0.07696883463467004, -2.0345811871202537]
rectification_matrix:
  rows: 3
  cols: 3
  data: [1.0, 0.0, 0.0, 0.0, 1.0, 0.0, 0.0, 0.0, 1.0]
projection_matrix:
  rows: 3
  cols: 4
  data: [2417.15234375, 0.0, 316.5745174483163, 0.0, 0.0, 2454.54736328125, 254.5813412036332, 0.0, 0.0, 0.0, 1.0, 0.0]
