image_width: 640
image_height: 480
camera_name: "default_cam"
camera_matrix:
  rows: 3
  cols: 3
  data: [165.1388412964907, 0.0, 276.50823480193384, 0.0, 125.27081023398316, 263.5681219643291, 0.0, 0.0, 1.0]
distortion_model: plumb_bob
distortion_coefficients:
  rows: 1
  cols: 5
  data: [-0.038682922942371155, -0.0015620253960201332, -0.0022566817273141715, -0.005679944811568998, 5.132176336737473e-05]
rectification_matrix:
  rows: 3
  cols: 3
  data: [1.0, 0.0, 0.0, 0.0, 1.0, 0.0, 0.0, 0.0, 1.0]
projection_matrix:
  rows: 3
  cols: 4
  data: [164.8808135986328, 0.0, 276.0761938027226, 0.0, 0.0, 366.86541748046875, 37.917131196278206, 0.0, 0.0, 0.0, 1.0, 0.0]
