image_width: 640
image_height: 480
camera_name: "default_cam"
camera_matrix:
  rows: 3
  cols: 3
  data: [ 83.458413, 0.000000, 320.834268, 0.000000, 164.178122, 237.134752, 0.000000, 0.000000, 1.000000]
distortion_model: plumb_bob
distortion_coefficients:
  rows: 1
  cols: 5
  data: [-0.014559349576692752, -0.00015400056004725285, 0.0014978767426991632, -0.004804565229071766, 2.1195073713816662e-06]
rectification_matrix:
  rows: 3
  cols: 3
  data: [1.0, 0.0, 0.0, 0.0, 1.0, 0.0, 0.0, 0.0, 1.0]
projection_matrix:
  rows: 3
  cols: 4
  data: [167.510849, 0.000000, -1.603181, 0.000000, 0.000000, 163.836060, 236.640695, 0.000000, 0.000000, 0.000000, 1.000000, 0.000000]
